Sample	total_reads	paired_total	paired_aligned_none	paired_aligned_one	paired_aligned_multi	overall_alignment_rate
D200HSC_S9_bulkATAC.err	7281287	7281287	257582	5837809	1185896	96.46
D202HSC_S33_bulkATAC.err	6393721	6393721	267313	5114970	1011438	95.82
D2206-1_S11_bulkATAC.err	4627807	4627807	484272	3514319	629216	89.54
HSC_ATAC_D210_S11_bulkATAC.err	5049893	5049893	102838	4159932	787123	97.96
HSC_ATAC_D211_S49_bulkATAC.err	7921163	7921163	719763	5768247	1433153	90.91
HSC_ATAC_D212_S37_bulkATAC.err	9715231	9715231	354618	7634967	1725646	96.35
HSC_ATAC_D213_S25_bulkATAC.err	9107554	9107554	595980	7105420	1406154	93.46
HSC_ATAC_D214_S13_bulkATAC.err	10398878	10398878	264491	7836485	2297902	97.46
HSC_ATAC_D215_S1_bulkATAC.err	6462602	6462602	244263	4951541	1266798	96.22
