Sample	total_reads	paired_total	paired_aligned_none	paired_aligned_one	paired_aligned_multi	overall_alignment_rate
CLP_ATAC_D210_S7_bulkATAC.err	6847403	6847403	131408	5599366	1116629	98.08
CLP_ATAC_D211_S50_bulkATAC.err	7838228	7838228	290624	6299204	1248400	96.29
CLP_ATAC_D212_S38_bulkATAC.err	7047409	7047409	583144	5417970	1046295	91.73
CLP_ATAC_D213_S26_bulkATAC.err	7059167	7059167	571077	5374825	1113265	91.91
CLP_ATAC_D214_S14_bulkATAC.err	5478597	5478597	159100	4284130	1035367	97.1
CLP_ATAC_D215_S2_bulkATAC.err	6928902	6928902	167340	5644957	1116605	97.58
D201CLP_S22_bulkATAC.err	7099307	7099307	327982	5519051	1252274	95.38
D202CLP_S34_bulkATAC.err	11062934	11062934	470985	9026458	1565491	95.74
D2206-2_S12_bulkATAC.err	4840778	4840778	528128	3641179	671471	89.09
