Sample	input_read_pairs	surviving	surviving_pct	forward_only_surviving	forward_only_surviving_pct	reverse_only_surviving	reverse_only_surviving_pct	dropped	dropped_pct
CLP_ATAC_D210_S7_R1_001	7197561.0	6847403.0	95.14	255478.0	3.55	66739.0	0.93	27941.0	0.39
CLP_ATAC_D211_S50_R1_001	8172267.0	7838228.0	95.91	234995.0	2.88	73992.0	0.91	25052.0	0.31
CLP_ATAC_D212_S38_R1_001	7346646.0	7047409.0	95.93	215455.0	2.93	60830.0	0.83	22952.0	0.31
CLP_ATAC_D213_S26_R1_001	7370694.0	7059167.0	95.77	226764.0	3.08	61179.0	0.83	23584.0	0.32
CLP_ATAC_D214_S14_R1_001	5706590.0	5478597.0	96.0	162469.0	2.85	48944.0	0.86	16580.0	0.29
CLP_ATAC_D215_S2_R1_001	7210721.0	6928902.0	96.09	198549.0	2.75	60792.0	0.84	22478.0	0.31
D201CLP_S22_R1_001	7363554.0	7099307.0	96.41	193547.0	2.63	51384.0	0.7	19316.0	0.26
D202CLP_S34_R1_001	11547355.0	11062934.0	95.8	363533.0	3.15	87378.0	0.76	33510.0	0.29
D2206-2_S12_R1_001	5021642.0	4840778.0	96.4	122287.0	2.44	44750.0	0.89	13827.0	0.28
